0
0
0
0
0
0
0
5
9
10
11
9
9
8
8
12
13
15
19
17
14
5
0
0
0
0
0
5
9
10
11
9
9
8
8
12
13
15
19
17
14
5
0
0
0
0
0
7
32
37
38
37
31
16
9
8
8
8
8
8
8
8
8
8
8
8
8
8
8
27
35
36
38
30
18
6
0
0
0
0
0
0
0
0
0
0
0
0
0
0
0
0
0
0
0
0
0
0
4
8
8
8
16
17
33
35
36
36
23
12
9
8
8
8
8
8
8
8
8
8
8
9
9
10
10
12
37
36
33
28
0
0
0
0
0
0
0
9
22
30
35
35
33
27
24
22
19
15
12
12
12
11
11
11
18
21
24
28
30
27
23
22
22
21
18
15
9
0
0
0
0
0
0
0
0
0
0
0
0
0
0
0
0
0
0
0
0
0
0
5
8
11
11
10
9
8
8
8
8
8
8
8
8
8
8
8
8
8
9
9
9
10
10
15
37
35
32
23
0
0
0
0
0
5
9
10
11
9
9
8
8
12
13
15
19
17
14
5
0
0
0
0
0
0
9
22
30
35
35
33
27
24
22
19
15
12
12
12
11
11
11
18
21
24
28
30
27
23
22
22
21
18
15
9
0
0
0
0
1
20
26
29
22
18
16
16
16
15
18
14
13
12
12
13
14
15
18
17
17
18
17
18
18
19
21
32
27
17
0
0
0
0
0
5
9
10
21
28
32
26
23
19
16
14
10
12
14
15
22
27
27
28
25
22
17
16
16
15
16
12
14
12
9
15
17
17
16
15
18
15
13
10
7
0
0
0
0
0
0
0
0
0
0
0
0
0
0
0
0
0
0
0
0
0
0
0
5
8
11
11
10
9
8
8
8
8
8
8
8
8
8
8
8
8
8
9
9
9
10
10
15
37
35
32
23
0
0
0
0
0
5
8
10
11
10
9
8
9
9
10
12
38
37
35
0
0
0
0
0
0
0
0
9
22
30
35
35
33
27
24
22
19
15
12
12
12
11
11
11
18
21
24
28
30
27
23
22
22
21
18
15
9
0
0
0
0
1
11
24
28
27
26
25
11
10
8
8
8
8
8
8
8
8
8
8
8
8
8
9
33
35
36
38
27
11
4
0
0
0
0
0
0
0
0
0
0
0
0
0
0
0
0
0
0
0
0
0
0
1
11
24
28
27
26
25
11
10
8
8
8
8
8
8
8
8
8
8
8
8
8
9
33
35
36
38
27
11
4
0
0
0
0
4
8
8
8
16
17
33
35
36
36
23
12
9
8
8
8
8
8
8
8
8
8
8
9
9
10
10
12
37
36
33
28
0
0
0
0
0
0
9
22
30
35
35
33
27
24
22
19
15
12
12
12
11
11
11
18
21
24
28
30
27
23
22
22
21
18
15
9
0
0
0
0
